CPU= 0.10, Cost= 0.372815, Area= 1189622, Wire= 115287, Dead=2.7885  :1400 13 160 
CPU= 0.71, Cost= 0.374858, Area= 1196139, Wire= 128629, Dead=3.3182  :400 7 150 
